100
4 2
5 2
6 2
1000 1000
1000 1
999999 524287
999999 999998
1000000 262144
999999 127
500000 237856
819709 701732
1000000 475712
1000000 2
622991 509864
999999 262143
566527 560915
531485 486932
1000000 127
903174 732958
367891 364350
936901 780005
847064 793671
500000 262144
746188 596803
613737 464196
500000 1
500000 249999
3 1
1000000 1000000
353875 295807
500000 262143
399291 321554
999457 938499
554986 477465
5 1
999999 999999
999999 2
999999 499997
4 1
1000000 524287
500000 128
999999 128
500000 499999
936849 744054
466828 447205
518352 408506
1000000 499999
1000000 475713
517013 410013
299711 242174
999999 312198
2 2
932433 925688
503085 409556
500000 249998
500000 131072
812284 780970
775628 744913
1000000 999999
1000000 446048
277206 246341
3 2
728627 624773
1000000 524288
500000 127
500000 237857
999999 499999
500000 500000
2 1
1000000 262143
513830 433640
999999 1
376051 327676
1000000 1
500000 256801
901465 822272
999999 524288
991399 845601
518090 500887
1000000 500000
500000 131071
999999 475711
999999 475712
500000 144316
256954 195643
1000000 128
1 1
999999 262144
825342 702157
699926 666402
500000 250000
1000000 509227
821330 672289
464656 458874
329372 277419
450705 432060
999999 499998
999999 477997
500000 2
1000000 499998
