1
10 32 30
4 62
5 89
7 21
14 36
15 76
16 29
17 74
24 51
25 100
27 35
30 87
41 10
43 38
44 12
46 13
47 32
49 18
55 54
58 80
61 57
66 28
70 34
77 11
78 26
85 68
86 64
88 91
92 69
95 67
96 97
98 63
99 20
6
2
1
2
1
6
3
6
6
3
2
5
6
6
5
2
5
4
4
6
2
2
3
3
5
6
1
3
1
3
11
17 5 12
83 87
81 40
59 96
3 24
9 80
4
1
4
2
3
4
6
3
5
4
1
3
16 6 10
89 30
21 81
15 41
20 56
22 58
69 72
2
4
4
3
1
2
6
3
4
3
7 1 3
80 42
4
1
3
21 0 14
1
2
4
2
6
2
4
1
2
3
2
3
4
4
3 9 0
65 22
25 64
6 36
45 46
17 53
26 69
7 34
41 40
92 42
2 0 19
3
2
1
1
4
2
4
4
5
2
1
1
6
1
6
6
5
6
2
11 4 1
76 87
22 83
79 19
78 91
1
12 6 14
98 47
23 29
31 39
79 91
74 88
50 77
6
4
2
2
3
6
2
4
1
6
5
2
6
3
21 2 0
55 51
67 48
2 2 6
29 46
84 27
5
5
1
4
6
6
2 1 2
1 99
2
3
3 1 5
2 100
1
2
3
4
5
